0.05315021745584374
0.0251711465007384
0.0244176842204359
0.02684328815062597
0.02615746370724717
0.020076987760948264
0.02328720480623033
0.01283747643002749
0.02408391426478012
0.022689088163748497
0.012686276293399804
0.022191985373199108
0.015260187103968412
0.021650047084566075
0.01802262117665107
0.013018152116374785
0.016784230847705868
0.011805097639969637
0.010535357461648263
0.0136032841534905
0.01378710362824807
0.014708355019561655
0.020480931073469193
0.017358420855751882
0.01495861645670605
0.02306982214534995
0.02143829345274904
0.02043729397168982
0.01724816496381645
0.014878230904346517
0.023280592629701058
0.021366882448851585
0.016001107377320245
0.018868516207948417
0.014331894584718619
0.014531294241789056
0.018016320837566026
0.0
0.0
0.0
0.0
0.0
0.022370487593622486
0.023537528620540808
0.026987517436239804
0.01803678195845753
0.02660473067655178
0.03533189907279136
0.01664367746564396
0.008496678047324287
0.0221301882254381
0.03194346426569003
0.031811280816187885
0.004402835275920373
0.01266937903440854
